100	4.60517	1.00465	0.00464225	1.00484	0.00482585	1.00527	0.00525749
200	5.29832	1.00388	0.00387167	1.00369	0.00368104	1.00593	0.00591474
300	5.70378	1.00481	0.00480265	1.00293	0.00292233	1.00755	0.00752534
400	5.99146	1.00431	0.00430401	1.00341	0.00340115	1.00675	0.00672704
500	6.21461	1.00286	0.0028585	1.00359	0.00358666	1.00414	0.00413145
600	6.39693	1.00301	0.00300646	1.00363	0.00362678	1.00494	0.00492796
700	6.55108	1.00375	0.00374567	1.00405	0.00404527	1.00603	0.00601003
800	6.68461	1.00291	0.00290711	1.00421	0.00419824	1.00436	0.00434608
900	6.80239	1.00266	0.00265312	1.0043	0.00429186	1.00416	0.00415249
1000	6.90776	1.00181	0.00180437	1.00409	0.00408092	1.00231	0.00230814
1100	7.00307	1.00296	0.00295984	1.00429	0.00428226	1.00408	0.00406939
1200	7.09008	1.00355	0.00354193	1.0048	0.00479327	1.00387	0.00386182
1300	7.17012	1.00655	0.00652767	1.00552	0.00550397	1.00846	0.00842532
1400	7.24423	1.00593	0.00591284	1.00551	0.00549911	1.00642	0.00640021
1500	7.31322	1.00506	0.00504661	1.00496	0.00494337	1.0052	0.00518617
1600	7.37776	1.00545	0.00543227	1.00519	0.0051763	1.00555	0.00553829
1700	7.43838	1.0052	0.00519116	1.00498	0.00496689	1.00543	0.00541682
1800	7.49554	1.00664	0.00661483	1.00541	0.005391	1.00736	0.0073341
1900	7.54961	1.00808	0.00805143	1.00592	0.00589967	1.00942	0.00937759
2000	7.6009	1.00731	0.00728046	1.00575	0.00573094	1.00858	0.00854659
2100	7.64969	1.00866	0.00862662	1.0063	0.00628095	1.0102	0.0101532
2200	7.69621	1.00904	0.00899642	1.0066	0.00658302	1.01077	0.0107135
2300	7.74066	1.00824	0.0082071	1.00662	0.00660108	1.00992	0.00986818
2400	7.78322	1.00773	0.00769981	1.00638	0.00635716	1.00907	0.00902809
2500	7.82405	1.00674	0.00671554	1.00622	0.00619879	1.0073	0.00727275
2600	7.86327	1.00673	0.00670757	1.00635	0.00632505	1.00707	0.00704878
2700	7.90101	1.00613	0.00611538	1.00657	0.00654663	1.00557	0.00555021
2800	7.93737	1.00667	0.00664553	1.00646	0.00643885	1.00697	0.00694426
2900	7.97247	1.00776	0.00772997	1.00649	0.00647068	1.00899	0.00894999
3000	8.00637	1.00787	0.00783474	1.00634	0.00632238	1.00958	0.00953681
3100	8.03916	1.00718	0.00715047	1.00635	0.00633007	1.00861	0.0085694
3200	8.07091	1.00669	0.0066683	1.0065	0.00647453	1.00789	0.00785978
3300	8.10168	1.00545	0.00543828	1.00604	0.00602115	1.00603	0.00600902
3400	8.13153	1.00572	0.00570166	1.00612	0.00609898	1.0068	0.00677455
3500	8.16052	1.00582	0.00580594	1.0063	0.00627981	1.00695	0.00692207
3600	8.18869	1.00729	0.00726199	1.00663	0.00660929	1.00942	0.0093773
3700	8.21609	1.00724	0.0072125	1.00675	0.00672747	1.00887	0.00882596
3800	8.24276	1.00622	0.00619899	1.00643	0.0064129	1.00708	0.00705377
3900	8.26873	1.00597	0.00595033	1.00634	0.00632189	1.00687	0.00685056
4000	8.29405	1.0058	0.00578051	1.00623	0.00620998	1.0065	0.00647738
4100	8.31874	1.00621	0.00619022	1.00637	0.00634613	1.00675	0.00672968
4200	8.34284	1.00505	0.00503399	1.00612	0.00610585	1.00509	0.00507549
4300	8.36637	1.00433	0.0043202	1.0058	0.00577931	1.00384	0.0038337
4400	8.38936	1.00517	0.00515886	1.00605	0.00603095	1.00518	0.00516243
4500	8.41183	1.0054	0.00538816	1.00609	0.00607119	1.00536	0.00534732
4600	8.43381	1.00617	0.00615394	1.00623	0.00621381	1.00694	0.00691453
4700	8.45532	1.0051	0.00508585	1.00586	0.00583871	1.00493	0.00491889
4800	8.47637	1.00408	0.00407221	1.0056	0.00558546	1.0034	0.00339837
4900	8.49699	1.00386	0.00385629	1.0054	0.00538331	1.00311	0.00310524
5000	8.51719	1.00392	0.00390739	1.00529	0.00527463	1.00302	0.00301103
5100	8.537	1.0044	0.0043913	1.00537	0.00535622	1.00416	0.00415005
5200	8.55641	1.00444	0.00443455	1.00493	0.00492263	1.00517	0.00515927
5300	8.57546	1.00496	0.0049517	1.00512	0.005108	1.00611	0.00608689
5400	8.59415	1.00426	0.00424743	1.00498	0.00497019	1.00544	0.0054213
5500	8.6125	1.00518	0.00516604	1.0053	0.00528372	1.00686	0.00683437
5600	8.63052	1.00531	0.00529536	1.00536	0.00534641	1.00676	0.00673973
5700	8.64822	1.00469	0.00467591	1.00531	0.00530017	1.00549	0.00547171
5800	8.66561	1.00431	0.0043057	1.0052	0.00518782	1.00476	0.00475215
5900	8.68271	1.00364	0.00362846	1.0051	0.00509134	1.00329	0.0032833
6000	8.69951	1.00304	0.0030344	1.00491	0.0048962	1.00225	0.00224523
6100	8.71604	1.0032	0.00319559	1.00518	0.00516671	1.00181	0.00181257
6200	8.7323	1.00424	0.0042358	1.00538	0.00536407	1.00346	0.0034558
6300	8.7483	1.00443	0.00441738	1.0054	0.0053844	1.00346	0.00345534
6400	8.76405	1.00488	0.00486785	1.00556	0.00554509	1.00438	0.00436973
6500	8.77956	1.00577	0.00575319	1.00555	0.00553039	1.00612	0.00610234
6600	8.79482	1.0069	0.00687153	1.00584	0.00582391	1.00772	0.00769334
6700	8.80986	1.00653	0.00650502	1.00574	0.00572126	1.0077	0.00766942
6800	8.82468	1.00714	0.00711797	1.00569	0.00567657	1.00899	0.00895333
6900	8.83928	1.00675	0.006727	1.00541	0.00539968	1.00859	0.00855481
7000	8.85367	1.00609	0.00607126	1.00523	0.00521845	1.00789	0.00785533
7100	8.86785	1.0062	0.00617665	1.00511	0.0050939	1.00859	0.00854996
7200	8.88184	1.00599	0.00597318	1.00504	0.00502771	1.00845	0.00840987
7300	8.89563	1.00589	0.00586859	1.00501	0.00499267	1.0085	0.00846828
7400	8.90924	1.00634	0.0063218	1.00509	0.00508022	1.00924	0.00919782
7500	8.92266	1.00572	0.00570615	1.00497	0.0049537	1.0082	0.00816442
7600	8.9359	1.00552	0.00550169	1.00495	0.00493343	1.0078	0.00776954
7700	8.94898	1.00569	0.0056696	1.00497	0.00496237	1.00808	0.0080509
7800	8.96188	1.00497	0.00495642	1.00479	0.00478125	1.00664	0.00662153
7900	8.97462	1.00537	0.00535624	1.00484	0.00482661	1.00751	0.00748325
8000	8.9872	1.00582	0.00580049	1.00468	0.00467306	1.00839	0.00835562
8100	8.99962	1.00614	0.00612017	1.00469	0.0046835	1.00914	0.00909796
8200	9.01189	1.00622	0.00620488	1.0047	0.00468731	1.00915	0.00910783
8300	9.02401	1.00682	0.0067997	1.00491	0.00489499	1.01011	0.0100614
8400	9.03599	1.00701	0.0069849	1.00489	0.00488234	1.01063	0.0105756
8500	9.04782	1.00719	0.00715979	1.005	0.00498733	1.01077	0.0107076
8600	9.05952	1.00714	0.00710991	1.00509	0.00507498	1.0106	0.0105434
8700	9.07108	1.00694	0.00691997	1.00511	0.00509731	1.01021	0.0101564
8800	9.08251	1.0073	0.00727008	1.00525	0.00523805	1.01051	0.01046
8900	9.09381	1.00729	0.00726488	1.00519	0.00517935	1.0108	0.0107463
9000	9.10498	1.00717	0.00714362	1.00505	0.0050374	1.01093	0.0108683
9100	9.11603	1.00722	0.00719206	1.00535	0.00533139	1.01069	0.01063
9200	9.12696	1.00705	0.00702268	1.00535	0.00533176	1.01013	0.0100783
9300	9.13777	1.00763	0.00760379	1.00541	0.00539212	1.01115	0.011091
9400	9.14846	1.00736	0.00733196	1.00529	0.00527348	1.0107	0.0106423
9500	9.15905	1.00731	0.00728141	1.00525	0.0052329	1.01063	0.0105766
9600	9.16952	1.00725	0.00722228	1.00527	0.00525335	1.01031	0.0102549
9700	9.17988	1.00705	0.00702034	1.0053	0.0052861	1.00991	0.00985762
9800	9.19014	1.00717	0.00713988	1.00519	0.00518114	1.01034	0.0102857
9900	9.20029	1.0071	0.00707238	1.00525	0.00523497	1.01017	0.0101162
10000	9.21034	1.00732	0.00729306	1.00537	0.00535229	1.01026	0.0102109
10100	9.22029	1.00671	0.0066839	1.00522	0.00520837	1.00927	0.00923029
10200	9.23014	1.00711	0.00708516	1.00549	0.00547655	1.00937	0.00932935
10300	9.2399	1.0076	0.0075683	1.0055	0.00548458	1.01002	0.00996825
10400	9.24956	1.00681	0.00678986	1.00517	0.00515964	1.00953	0.00948189
10500	9.25913	1.00567	0.00565124	1.00494	0.00493076	1.00773	0.00770099
10600	9.26861	1.00573	0.00570953	1.00498	0.00496753	1.00754	0.00750987
10700	9.278	1.00537	0.00535682	1.00491	0.00489911	1.00676	0.0067338
10800	9.2873	1.00553	0.00551761	1.00491	0.00489415	1.00674	0.00672169
10900	9.29652	1.00536	0.00534754	1.00487	0.00485562	1.00632	0.00630273
11000	9.30565	1.00469	0.00467577	1.00468	0.00466898	1.00524	0.00522903
11100	9.3147	1.00479	0.00477487	1.0048	0.00478548	1.00498	0.00496754
11200	9.32367	1.00512	0.00510766	1.00471	0.00469875	1.00593	0.0059112
11300	9.33256	1.00472	0.00470659	1.00459	0.00457543	1.00517	0.0051608
11400	9.34137	1.00457	0.00455559	1.00466	0.00465235	1.00461	0.00459514
11500	9.3501	1.00489	0.00487499	1.00482	0.00480581	1.00493	0.00491723
11600	9.35876	1.00449	0.00448082	1.00474	0.00472963	1.00433	0.00431834
11700	9.36734	1.00448	0.00447307	1.00476	0.0047493	1.00433	0.00432402
11800	9.37585	1.00435	0.00433688	1.00472	0.00471221	1.00422	0.00421218
11900	9.38429	1.0045	0.0044878	1.00471	0.00470177	1.00446	0.00445035
12000	9.39266	1.00451	0.00449595	1.00467	0.00465768	1.00481	0.00479422
12100	9.40096	1.00441	0.00440268	1.00465	0.0046409	1.00495	0.00493407
12200	9.40919	1.00447	0.00445945	1.00467	0.00465498	1.00513	0.00511821
12300	9.41735	1.00413	0.00412549	1.00457	0.00455571	1.00466	0.0046492
12400	9.42545	1.00367	0.00366281	1.00445	0.00444398	1.00391	0.00390451
12500	9.43348	1.0042	0.00418972	1.00464	0.00462854	1.0047	0.00468959
12600	9.44145	1.00404	0.0040345	1.00465	0.00463734	1.00442	0.00440904
12700	9.44936	1.00416	0.0041497	1.0047	0.00468452	1.00473	0.0047232
12800	9.4572	1.00402	0.00401142	1.00469	0.0046771	1.00439	0.00438319
12900	9.46498	1.00373	0.0037194	1.00457	0.00455861	1.00406	0.00405523
13000	9.4727	1.00347	0.00346137	1.0046	0.00459435	1.00331	0.00330483
13100	9.48037	1.00354	0.00352962	1.00452	0.00451387	1.00363	0.00362393
13200	9.48797	1.00363	0.00362048	1.00448	0.00446531	1.00392	0.00391397
13300	9.49552	1.00403	0.00402417	1.00465	0.00463971	1.00433	0.00431797
13400	9.50301	1.00372	0.00371492	1.00447	0.00446031	1.00406	0.00405143
13500	9.51044	1.00336	0.00335344	1.00442	0.00441263	1.00322	0.00321276
13600	9.51783	1.00322	0.00321645	1.0043	0.0042887	1.00327	0.00326746
13700	9.52515	1.00261	0.00260498	1.00424	0.00422773	1.00208	0.00208216
13800	9.53242	1.00291	0.00290681	1.00433	0.00431924	1.00258	0.0025761
13900	9.53964	1.00256	0.00255279	1.00429	0.0042834	1.0018	0.00179471
14000	9.54681	1.00263	0.00262832	1.00421	0.00420297	1.00212	0.00211494
14100	9.55393	1.00309	0.00308183	1.00421	0.00419768	1.00323	0.00322305
14200	9.561	1.00317	0.00316437	1.00427	0.00426188	1.00345	0.00344176
14300	9.56801	1.00258	0.00257515	1.00423	0.00422042	1.0025	0.00249422
14400	9.57498	1.00235	0.00234726	1.00411	0.0041017	1.00243	0.00242334
14500	9.5819	1.00252	0.00251556	1.00412	0.00410798	1.00249	0.00248684
14600	9.58878	1.00262	0.00261351	1.00407	0.00405925	1.00273	0.002726
14700	9.5956	1.0027	0.00269828	1.00405	0.00403888	1.00291	0.00290451
14800	9.60238	1.00287	0.00286302	1.00409	0.00408264	1.00309	0.0030858
14900	9.60912	1.00293	0.00292776	1.00403	0.00401943	1.00329	0.00328817
15000	9.61581	1.00351	0.00350674	1.00405	0.00404382	1.00451	0.00449722
15100	9.62245	1.00352	0.00351185	1.00409	0.00408043	1.00412	0.00411085
15200	9.62905	1.00328	0.00327688	1.00406	0.00405304	1.00364	0.00363141
15300	9.63561	1.00335	0.00334439	1.00407	0.00406315	1.00372	0.00371304
15400	9.64212	1.00307	0.0030648	1.00403	0.004026	1.0032	0.00319337
15500	9.6486	1.00351	0.00350784	1.00417	0.00415718	1.00365	0.00364798
15600	9.65503	1.0032	0.00319898	1.0042	0.00419351	1.00287	0.00286167
15700	9.66142	1.00348	0.00347488	1.00419	0.00418529	1.00351	0.00350882
15800	9.66777	1.00341	0.00340312	1.00409	0.00408479	1.00354	0.00353154
15900	9.67407	1.00372	0.00371075	1.0041	0.00409193	1.00416	0.00415492
16000	9.68034	1.00377	0.00376581	1.00408	0.00407261	1.00431	0.00430103
16100	9.68657	1.00388	0.0038688	1.00412	0.00411337	1.0045	0.00449443
16200	9.69277	1.00379	0.00378421	1.00411	0.00409668	1.00408	0.00407216
16300	9.69892	1.00379	0.00378234	1.00407	0.00406176	1.00409	0.00408368
16400	9.70504	1.00377	0.00375812	1.00412	0.00411128	1.00415	0.00414432
16500	9.71112	1.00413	0.00411841	1.00417	0.00415962	1.00473	0.00471967
16600	9.71716	1.00427	0.00425722	1.00434	0.00433328	1.00478	0.00476545
16700	9.72316	1.00393	0.00391996	1.00428	0.00426597	1.00413	0.00411968
16800	9.72913	1.00374	0.00373054	1.0043	0.00428848	1.00358	0.00357247
16900	9.73507	1.00409	0.00408013	1.00433	0.00431585	1.00438	0.00437149
17000	9.74097	1.00443	0.00441713	1.00439	0.00438053	1.00504	0.00502248
17100	9.74683	1.00432	0.00430827	1.00436	0.00435071	1.00493	0.00491954
17200	9.75266	1.00427	0.00426447	1.00439	0.00437571	1.0049	0.00488318
17300	9.75846	1.00399	0.00397961	1.00435	0.00434007	1.00444	0.00443342
17400	9.76423	1.00378	0.00377329	1.00434	0.00432727	1.00386	0.00385024
17500	9.76996	1.00354	0.00352877	1.00431	0.00429918	1.00357	0.00356452
17600	9.77565	1.00334	0.00333053	1.00434	0.00433111	1.00321	0.00320646
17700	9.78132	1.00297	0.00296843	1.00427	0.00426355	1.0025	0.00249943
17800	9.78695	1.0026	0.00259256	1.00413	0.00412341	1.00239	0.0023896
17900	9.79256	1.00252	0.00251758	1.00409	0.00408497	1.00243	0.00242702
18000	9.79813	1.00309	0.00308349	1.0042	0.00418862	1.00335	0.00334633
18100	9.80367	1.00324	0.0032355	1.00428	0.00426664	1.00359	0.00357865
18200	9.80918	1.00346	0.00345203	1.00436	0.00434869	1.00385	0.00384659
18300	9.81466	1.00313	0.0031295	1.00432	0.00431533	1.00354	0.00353704
18400	9.82011	1.00263	0.00262744	1.00427	0.0042612	1.00286	0.00285544
18500	9.82553	1.0029	0.00289261	1.00439	0.00438396	1.00319	0.00318515
18600	9.83092	1.0027	0.00269846	1.00429	0.00428565	1.00315	0.00314566
18700	9.83628	1.0024	0.00239932	1.00425	0.00423836	1.0025	0.00250112
18800	9.84161	1.00276	0.00275578	1.00433	0.00431578	1.00299	0.00298219
18900	9.84692	1.003	0.00299496	1.00436	0.00434826	1.00353	0.00352423
19000	9.85219	1.0032	0.00319955	1.00426	0.00424729	1.00462	0.00460991
19100	9.85744	1.00321	0.00320358	1.00426	0.00425557	1.00476	0.00474954
19200	9.86267	1.00317	0.00316202	1.0043	0.00428994	1.00465	0.00463458
19300	9.86786	1.00249	0.0024847	1.00424	0.00423251	1.00323	0.00322152
19400	9.87303	1.00263	0.00262874	1.00425	0.00424188	1.00356	0.00355085
19500	9.87817	1.00247	0.00246231	1.00423	0.00422358	1.00311	0.00310146
19600	9.88328	1.00278	0.00278076	1.00444	0.00442714	1.00332	0.00331215
19700	9.88837	1.00309	0.00308252	1.00437	0.00436054	1.00407	0.0040593
19800	9.89344	1.00361	0.0036076	1.00447	0.00446308	1.00483	0.00481426
19900	9.89848	1.00377	0.00376249	1.00448	0.00447383	1.00535	0.00533706
20000	9.90349	1.004	0.00399436	1.00444	0.00443261	1.00591	0.00589569
